0 -1 -1 20 9 10 20 -1 -1 -1 -1 -1 8 -1 18 16 -1 -1 -1 3 2 -1 -1 18 6 -1 15 -1 -1 12 -1 -1 17 -1 -1 8 -1 -1 -1 10 -1 -1 2 11 20 -1 -1 -1 2 -1 
-1 0 11 19 -1 -1 -1 -1 -1 4 -1 2 12 20 15 18 5 -1 4 11 -1 -1 8 -1 -1 -1 -1 1 17 14 -1 -1 -1 -1 -1 4 4 -1 8 -1 -1 -1 3 11 -1 -1 10 3 -1 5 
-1 11 0 -1 -1 7 2 20 -1 -1 -1 -1 -1 15 -1 17 -1 -1 -1 13 15 12 -1 -1 13 6 3 -1 -1 -1 7 -1 -1 -1 -1 -1 -1 -1 16 -1 -1 -1 -1 -1 17 -1 5 -1 9 17 
20 19 -1 0 14 -1 7 -1 -1 19 -1 -1 -1 -1 -1 13 5 -1 -1 7 4 6 -1 6 10 -1 -1 -1 12 -1 -1 13 -1 -1 -1 -1 -1 -1 -1 15 14 -1 3 -1 -1 -1 -1 -1 -1 18 
9 -1 -1 14 0 -1 -1 -1 -1 3 14 18 15 -1 4 -1 -1 -1 16 9 7 2 7 2 2 17 10 -1 16 6 -1 19 -1 12 17 19 -1 1 11 2 -1 -1 -1 1 -1 12 -1 -1 -1 13 
10 -1 7 -1 -1 0 -1 -1 -1 12 -1 -1 -1 11 -1 -1 -1 9 -1 -1 10 17 -1 -1 7 13 20 6 19 -1 -1 -1 -1 -1 -1 -1 -1 -1 7 -1 -1 -1 -1 -1 -1 9 -1 13 17 -1 
20 -1 2 7 -1 -1 0 -1 -1 10 2 -1 -1 -1 -1 6 1 11 1 6 -1 -1 -1 14 -1 -1 -1 3 -1 10 -1 -1 -1 -1 -1 -1 -1 9 -1 1 19 18 5 16 -1 9 -1 6 -1 -1 
-1 -1 20 -1 -1 -1 -1 0 -1 -1 -1 -1 14 15 -1 -1 8 7 12 19 8 5 4 3 3 -1 1 3 4 5 14 18 3 -1 -1 -1 12 -1 -1 -1 11 -1 17 3 -1 15 15 -1 -1 17 
-1 -1 -1 -1 -1 -1 -1 -1 0 -1 -1 14 -1 8 13 -1 -1 -1 -1 -1 20 -1 2 4 -1 1 20 -1 2 -1 -1 2 -1 -1 -1 -1 2 -1 -1 -1 -1 18 -1 -1 7 9 -1 18 -1 -1 
-1 4 -1 19 3 12 10 -1 -1 0 -1 -1 -1 -1 -1 -1 -1 -1 -1 -1 1 -1 -1 -1 11 -1 20 1 17 -1 -1 6 -1 -1 -1 -1 4 -1 16 -1 8 -1 20 -1 -1 -1 -1 -1 -1 -1 
-1 -1 -1 -1 14 -1 2 -1 -1 -1 0 14 -1 -1 -1 -1 -1 19 18 9 -1 10 8 -1 7 -1 18 -1 -1 -1 -1 6 -1 19 -1 20 16 -1 -1 -1 -1 -1 -1 17 7 4 -1 5 11 -1 
-1 2 -1 -1 18 -1 -1 -1 14 -1 14 0 -1 -1 -1 11 -1 -1 -1 -1 -1 -1 7 -1 -1 -1 -1 -1 -1 -1 5 17 8 4 12 -1 -1 7 -1 8 7 3 18 -1 19 3 -1 -1 -1 9 
8 12 -1 -1 15 -1 -1 14 -1 -1 -1 -1 0 1 -1 10 15 -1 18 15 -1 -1 -1 3 -1 1 -1 -1 -1 -1 -1 -1 19 3 -1 3 17 11 4 -1 13 7 3 -1 -1 -1 -1 -1 4 -1 
-1 20 15 -1 -1 11 -1 15 8 -1 -1 -1 1 0 17 -1 7 -1 -1 9 4 8 -1 3 -1 16 -1 -1 7 14 -1 -1 12 2 -1 2 16 -1 1 8 3 2 10 -1 5 8 8 -1 -1 -1 
18 15 -1 -1 4 -1 -1 -1 13 -1 -1 -1 -1 17 0 -1 -1 -1 -1 2 -1 15 -1 11 -1 -1 -1 -1 -1 11 -1 20 10 3 20 1 -1 -1 -1 19 5 -1 11 8 -1 -1 11 -1 -1 -1 
16 18 17 13 -1 -1 6 -1 -1 -1 -1 11 10 -1 -1 0 -1 4 13 10 -1 9 13 -1 -1 -1 -1 -1 12 -1 2 6 14 -1 -1 5 20 14 -1 -1 -1 13 -1 -1 -1 -1 -1 13 -1 -1 
-1 5 -1 5 -1 -1 1 8 -1 -1 -1 -1 15 7 -1 -1 0 -1 -1 -1 -1 6 -1 -1 3 1 18 -1 -1 -1 -1 12 10 4 -1 14 2 -1 8 -1 -1 1 9 15 -1 -1 2 19 -1 19 
-1 -1 -1 -1 -1 9 11 7 -1 -1 19 -1 -1 -1 -1 4 -1 0 7 -1 -1 -1 -1 -1 17 -1 -1 -1 18 -1 -1 2 -1 -1 -1 -1 1 14 19 8 9 -1 1 -1 -1 -1 12 20 5 -1 
-1 4 -1 -1 16 -1 1 12 -1 -1 18 -1 18 -1 -1 13 -1 7 0 16 -1 15 -1 -1 16 -1 -1 7 -1 -1 -1 8 2 -1 17 15 -1 7 -1 -1 -1 -1 -1 10 9 4 -1 -1 17 6 
3 11 13 7 9 -1 6 19 -1 -1 9 -1 15 9 2 10 -1 -1 16 0 -1 -1 3 17 -1 -1 -1 -1 -1 7 -1 -1 11 -1 -1 15 -1 11 -1 -1 -1 -1 16 -1 6 6 14 19 -1 -1 
2 -1 15 4 7 10 -1 8 20 1 -1 -1 -1 4 -1 -1 -1 -1 -1 -1 0 -1 -1 -1 -1 14 -1 -1 18 -1 2 18 -1 6 7 2 -1 -1 -1 -1 15 19 10 2 5 -1 -1 4 13 -1 
-1 -1 12 6 2 17 -1 5 -1 -1 10 -1 -1 8 15 9 6 -1 15 -1 -1 0 -1 -1 -1 -1 -1 -1 12 12 -1 -1 -1 1 -1 -1 11 14 -1 19 2 -1 10 5 -1 -1 -1 -1 -1 -1 
-1 8 -1 -1 7 -1 -1 4 2 -1 8 7 -1 -1 -1 13 -1 -1 -1 3 -1 -1 0 -1 3 -1 -1 2 -1 -1 -1 -1 -1 -1 -1 20 -1 -1 -1 -1 -1 8 -1 7 -1 -1 -1 -1 19 -1 
18 -1 -1 6 2 -1 14 3 4 -1 -1 -1 3 3 11 -1 -1 -1 -1 17 -1 -1 -1 0 -1 10 -1 16 9 -1 -1 4 -1 -1 -1 18 18 -1 -1 17 -1 -1 17 3 -1 -1 17 10 -1 -1 
6 -1 13 10 2 7 -1 3 -1 11 7 -1 -1 -1 -1 -1 3 17 16 -1 -1 -1 3 -1 0 -1 -1 4 -1 6 4 10 19 6 -1 -1 -1 -1 -1 11 12 -1 -1 16 -1 -1 8 6 -1 -1 
-1 -1 6 -1 17 13 -1 -1 1 -1 -1 -1 1 16 -1 -1 1 -1 -1 -1 14 -1 -1 10 -1 0 -1 18 10 16 6 -1 -1 -1 10 14 -1 5 8 -1 -1 -1 -1 -1 -1 -1 -1 9 10 -1 
15 -1 3 -1 10 20 -1 1 20 20 18 -1 -1 -1 -1 -1 18 -1 -1 -1 -1 -1 -1 -1 -1 -1 0 -1 -1 4 -1 -1 17 5 -1 -1 -1 19 -1 -1 9 -1 -1 -1 9 -1 3 -1 -1 -1 
-1 1 -1 -1 -1 6 3 3 -1 1 -1 -1 -1 -1 -1 -1 -1 -1 7 -1 -1 -1 2 16 4 18 -1 0 2 3 13 13 -1 -1 19 7 -1 -1 20 1 16 -1 17 -1 19 -1 -1 -1 16 18 
-1 17 -1 12 16 19 -1 4 2 17 -1 -1 -1 7 -1 12 -1 18 -1 -1 18 12 -1 9 -1 10 -1 2 0 20 17 18 11 -1 18 13 13 4 -1 9 -1 19 -1 -1 -1 -1 -1 -1 -1 -1 
12 14 -1 -1 6 -1 10 5 -1 -1 -1 -1 -1 14 11 -1 -1 -1 -1 7 -1 12 -1 -1 6 16 4 3 20 0 -1 -1 13 10 -1 9 18 15 12 -1 12 -1 -1 -1 -1 14 5 19 -1 -1 
-1 -1 7 -1 -1 -1 -1 14 -1 -1 -1 5 -1 -1 -1 2 -1 -1 -1 -1 2 -1 -1 -1 4 6 -1 13 17 -1 0 13 -1 5 8 10 -1 7 -1 13 -1 -1 -1 -1 4 -1 -1 -1 4 5 
-1 -1 -1 13 19 -1 -1 18 2 6 6 17 -1 -1 20 6 12 2 8 -1 18 -1 -1 4 10 -1 -1 13 18 -1 13 0 -1 -1 -1 -1 -1 10 -1 -1 -1 8 11 -1 -1 11 6 -1 20 -1 
17 -1 -1 -1 -1 -1 -1 3 -1 -1 -1 8 19 12 10 14 10 -1 2 11 -1 -1 -1 -1 19 -1 17 -1 11 13 -1 -1 0 -1 -1 -1 -1 13 -1 -1 15 -1 -1 13 -1 -1 10 1 -1 -1 
-1 -1 -1 -1 12 -1 -1 -1 -1 -1 19 4 3 2 3 -1 4 -1 -1 -1 6 1 -1 -1 6 -1 5 -1 -1 10 5 -1 -1 0 -1 -1 -1 18 -1 18 -1 1 -1 -1 -1 -1 -1 11 -1 -1 
-1 -1 -1 -1 17 -1 -1 -1 -1 -1 -1 12 -1 -1 20 -1 -1 -1 17 -1 7 -1 -1 -1 -1 10 -1 19 18 -1 8 -1 -1 -1 0 -1 -1 12 7 -1 7 1 5 19 7 19 -1 11 15 -1 
8 4 -1 -1 19 -1 -1 -1 -1 -1 20 -1 3 2 1 5 14 -1 15 15 2 -1 20 18 -1 14 -1 7 13 9 10 -1 -1 -1 -1 0 -1 -1 -1 -1 -1 13 -1 4 -1 -1 -1 -1 8 -1 
-1 4 -1 -1 -1 -1 -1 12 2 4 16 -1 17 16 -1 20 2 1 -1 -1 -1 11 -1 18 -1 -1 -1 -1 13 18 -1 -1 -1 -1 -1 -1 0 12 -1 14 -1 4 4 6 -1 -1 11 -1 -1 20 
-1 -1 -1 -1 1 -1 9 -1 -1 -1 -1 7 11 -1 -1 14 -1 14 7 11 -1 14 -1 -1 -1 5 19 -1 4 15 7 10 13 18 12 -1 12 0 -1 -1 -1 11 5 -1 -1 -1 -1 16 -1 1 
-1 8 16 -1 11 7 -1 -1 -1 16 -1 -1 4 1 -1 -1 8 19 -1 -1 -1 -1 -1 -1 -1 8 -1 20 -1 12 -1 -1 -1 -1 7 -1 -1 -1 0 6 -1 -1 10 -1 5 -1 -1 9 15 -1 
10 -1 -1 15 2 -1 1 -1 -1 -1 -1 8 -1 8 19 -1 -1 8 -1 -1 -1 19 -1 17 11 -1 -1 1 9 -1 13 -1 -1 18 -1 -1 14 -1 6 0 17 -1 20 4 -1 12 -1 9 -1 3 
-1 -1 -1 14 -1 -1 19 11 -1 8 -1 7 13 3 5 -1 -1 9 -1 -1 15 2 -1 -1 12 -1 9 16 -1 12 -1 -1 15 -1 7 -1 -1 -1 -1 17 0 -1 -1 -1 10 -1 -1 -1 -1 -1 
-1 -1 -1 -1 -1 -1 18 -1 18 -1 -1 3 7 2 -1 13 1 -1 -1 -1 19 -1 8 -1 -1 -1 -1 -1 19 -1 -1 8 -1 1 1 13 4 11 -1 -1 -1 0 -1 18 2 5 -1 4 13 3 
2 3 -1 3 -1 -1 5 17 -1 20 -1 18 3 10 11 -1 9 1 -1 16 10 10 -1 17 -1 -1 -1 17 -1 -1 -1 11 -1 -1 5 -1 4 5 10 20 -1 -1 0 -1 8 -1 12 -1 12 -1 
11 11 -1 -1 1 -1 16 3 -1 -1 17 -1 -1 -1 8 -1 15 -1 10 -1 2 5 7 3 16 -1 -1 -1 -1 -1 -1 -1 13 -1 19 4 6 -1 -1 4 -1 18 -1 0 14 17 -1 10 18 -1 
20 -1 17 -1 -1 -1 -1 -1 7 -1 7 19 -1 5 -1 -1 -1 -1 9 6 5 -1 -1 -1 -1 -1 9 19 -1 -1 4 -1 -1 -1 7 -1 -1 -1 5 -1 10 2 8 14 0 19 12 7 -1 -1 
-1 -1 -1 -1 12 9 9 15 9 -1 4 3 -1 8 -1 -1 -1 -1 4 6 -1 -1 -1 -1 -1 -1 -1 -1 -1 14 -1 11 -1 -1 19 -1 -1 -1 -1 12 -1 5 -1 17 19 0 -1 -1 15 -1 
-1 10 5 -1 -1 -1 -1 15 -1 -1 -1 -1 -1 8 11 -1 2 12 -1 14 -1 -1 -1 17 8 -1 3 -1 -1 5 -1 6 10 -1 -1 -1 11 -1 -1 -1 -1 -1 12 -1 12 -1 0 19 12 11 
-1 3 -1 -1 -1 13 6 -1 18 -1 5 -1 -1 -1 -1 13 19 20 -1 19 4 -1 -1 10 6 9 -1 -1 -1 19 -1 -1 1 11 11 -1 -1 16 9 9 -1 4 -1 10 7 -1 19 0 19 -1 
2 -1 9 -1 -1 17 -1 -1 -1 -1 11 -1 4 -1 -1 -1 -1 5 17 -1 13 -1 19 -1 -1 10 -1 16 -1 -1 4 20 -1 -1 15 8 -1 -1 15 -1 -1 13 12 18 -1 15 12 19 0 -1 
-1 5 17 18 13 -1 -1 17 -1 -1 -1 9 -1 -1 -1 -1 19 -1 6 -1 -1 -1 -1 -1 -1 -1 -1 18 -1 -1 5 -1 -1 -1 -1 -1 20 1 -1 3 -1 3 -1 -1 -1 -1 11 -1 -1 0 
